 1.8564700066770388E+00
 3.6900120447736451E-01
-1.4440890639720905E+00
-4.8906401529346599E-01
-4.8369776988425439E-01
-8.5807958609798485E-01
 1.8506244637962537E+00
-4.4230495519657032E-01
-1.3087364244036890E+00
-6.5440036384995726E-01
 1.3331572002151608E+00
-1.2405049096981591E-02
-7.4193356003851130E-01
-1.0104427106172049E+00
 1.1179871428618533E+00
 1.4390013084034603E-01
 1.3761042634282612E+00
-1.2346309491364111E+00
 7.3971729976765266E-01
 7.5921540684174005E-01
 1.9013029759478193E+00
-1.5054533308339835E-01
 1.3677724829630540E+00
 1.6336176413985819E+00
-6.1149545816811868E-01
 6.9844329801761118E-01
 3.5551683495300290E-01
-3.6407757885476677E-02
-5.7960533454737684E-01
-1.0024397168097954E-01
-6.0782785438572895E-01
-1.4195825863131819E+00
 1.6450366662345188E+00
-3.0279749623410224E-01
 8.3757111198934142E-01
 8.3896394080943137E-01
 1.0187098910615155E-01
 1.8589526607172031E+00
 6.1770817491207008E-01
-4.2251095933562244E-02
-5.7203922097469917E-01
 3.8281431120033393E-01
 1.1512631784707272E-01
-1.2871808081746439E+00
 1.4802125191539992E+00
-1.4495357455528335E+00
-1.3030792836190548E+00
-4.3120490992617722E-01
-8.8077435484744759E-01
 3.7960980933357802E-01
 1.3047678388792887E+00
 1.4518895825045539E+00
-1.2118672056968238E+00
 2.7235324898102720E-01
 1.1843418315291232E-01
 1.8460250643703779E-01
 1.3120917636045912E+00
 1.2122220622226041E+00
 1.5600805836014473E+00
 2.7900828558472868E-01
-1.4310601315437577E+00
 1.2371253490034002E+00
 1.1183794876443591E+00
-9.8435471258598317E-01
 3.1302532075686340E-01
-6.4375696753163614E-01
 1.4695807793839499E-01
 4.8307774803908243E-02
 4.7155479190684302E-01
 5.9208359134024757E-01
 1.2456765182422904E+00
 2.2864320178388975E-01
 1.0682395747639606E+00
-4.2521378339083205E-01
 1.5087114060088118E+00
 1.1215655277977770E+00
-5.5420370963769083E-01
 7.7061612056276685E-01
 1.9404233653913785E+00
 1.3150277360259133E+00
-8.4316009490788701E-01
-9.3032519125953650E-01
-3.2064767211527645E-01
 7.9089881359429448E-01
 3.7115408620149859E-01
-1.2403094050922894E+00
 2.0986190309139685E-01
 8.8868099766366360E-01
-1.0973873095761721E-01
 1.1059616449820657E+00
-5.8316943779213226E-01
-1.5330048898179349E-01
-2.9905947594708193E-01
 1.6708532834397545E+00
 1.7861028477630554E+00
 1.0665089667770373E+00
-5.9984102957463470E-01
 3.6455728569855839E-01
 9.8301801681939427E-01
 1.2354885482025368E+00
