 3.5390209567651927E+00
 2.7726544538251602E-01
 9.1302466121614934E-01
 2.3535912791922131E+00
 1.6395811603517205E+00
 1.8370104003626413E+00
 3.7773741769424989E+00
 1.7519845401782546E+00
 1.4412578042670769E+00
 1.7867852314316088E+00
 7.0546938422843197E-01
 8.2426543481444736E-01
 2.3757482259155527E+00
 2.1764962859214712E+00
-1.9876480494525839E-01
 1.1015598492467644E+00
 8.8286851336291605E-01
 1.5576744818654498E+00
-2.9598637742594264E-01
 1.0123125007947131E-01
 4.3964414153657723E+00
 1.7930219628871416E+00
 8.4054116927019729E-01
 2.1392929683323043E+00
 1.8966773588840757E+00
-3.9691437047432787E-01
 8.3846062334198335E-02
 6.1720079454650656E-01
 1.9564737228967592E+00
 1.4316913926133430E+00
 2.4026043694133450E+00
 1.1140564448606429E+00
 1.7943002391580349E+00
 1.8363533776284613E+00
 4.0337822821679525E-02
-3.1328905608843782E-01
 9.0003255562174111E-01
 4.0956188096700359E+00
-3.3571334627093197E-01
 8.2649128145563844E-01
 1.4808995735838781E+00
-1.3374381957814185E-01
 6.4496497510715067E-01
 1.7411439050783764E+00
 1.4918660579827359E+00
 8.2818115260743674E-01
 1.1204935437896388E+00
 1.9271445889624732E+00
 1.6485023614780459E+00
 1.3356347227245297E-01
 7.2182503993763492E-01
 1.4635338179858433E+00
 1.4107710198424404E+00
 4.0523827348134334E-01
 8.0213671842124989E-01
 3.5844152990720701E-01
 1.7740471085133303E-01
-7.4667272000399909E-02
 2.0539321015686109E+00
 8.1990592066647883E-02
 8.9483940835795639E-01
 1.0244485753683141E-01
-1.2184643784682880E-01
 2.2921168185840370E+00
 6.1379114596544992E-01
 1.8137577468591970E+00
 5.0603905709073937E-01
 1.2751553983770756E+00
 4.2516663970182750E-01
 4.8846121527171560E-01
 8.4139241630220607E-01
 9.7244492301058783E-01
-3.8944927455403400E-01
 1.7414745272933021E+00
 1.7003646059719819E+00
 4.7961793957033538E-01
 1.5000329693696179E+00
 3.2114369305156509E-01
 4.9036448086706326E+00
 6.6762250073185370E-01
 2.2518395035608840E+00
 1.7117006971277853E+00
 1.9817290523679405E+00
-5.0016360673451854E-01
 5.2823930275742870E-01
 1.9305213097466976E+00
 1.6488373910256926E-01
-3.4809394192432785E-02
 1.3698055614367912E+00
-7.4080079364415519E-02
 2.0819967939967534E+00
 1.3551922617528214E+00
 1.9446689442267009E+00
 1.9362891642005811E+00
 2.8428559300267029E+00
-3.3802006716266186E-01
 2.3181382376749471E+00
 5.1206330063092331E-01
-2.4377496197207915E-01
 8.8219680048574534E-01
