 7.0874440701394559E-01  3.0640603586125581E-01  8.2397961071984005E-01  6.6721577827285605E-01  6.6375261162404464E-01
 6.2564902779410625E-01  3.7058566286301198E-01  8.2345038443780583E-01  1.0149864849461798E-01  1.1116959597100728E-01
 6.5778315281907596E-01  9.2362298363055617E-01  7.4429975160561013E-01  7.0907912485224323E-02  2.6873175951994610E-01
 7.6658844867698783E-01  7.8649665070802421E-01  9.4242806334132734E-01  4.1595181349215560E-01  2.0969699317798407E-01
 7.4402021664180606E-01  3.1491786659431309E-02  9.9859407284416579E-01  9.2223228607664776E-01  4.0821966445365165E-01
 3.6436528423964731E-01  7.9932546081188738E-01  1.3788014244251290E-01  9.6423039066366834E-01  8.4924093204202911E-01
 5.5735890545419475E-01  2.7272646286991742E-01  2.6061568164708304E-01  6.4406515613501192E-01  7.2094248879886369E-01
 3.7394312656504958E-01  3.8135848880496592E-02  9.3611021378997017E-02  7.0487601507629172E-01  3.2655615310075248E-01
 4.4597295596837550E-01  6.1307668024287287E-01  1.8375462966264133E-02  5.1276238917365180E-01  4.9956757829232412E-01
 2.1425642774403453E-01  7.3178862676392187E-01  7.2712556468545264E-01  3.1039721571784273E-01  6.1998350059444318E-01
 3.2590030032064210E-01  9.8917697086160317E-01  5.6121702945151308E-01  4.6229824559539445E-01  1.7391922609479682E-01
 6.5800762222943399E-01  7.3023272400283579E-01  7.0751631787110414E-02  6.1716429502520398E-01  1.4997574962712756E-01
 4.1487962422004643E-01  9.9351327380807231E-01  4.5357521011457058E-01  6.7052770490758040E-01  1.8395987881826492E-01
 8.3780829877884977E-01  8.7294434149820965E-01  3.7700328742501710E-01  9.9465673533589805E-01  2.5509813043131602E-01
 3.4402603783719987E-01  9.9514560475916880E-01  8.7610282088598490E-01  9.2065696551747023E-01  4.4380116967611594E-01
 5.8332042962056396E-01  5.9422388011248073E-01  1.7689558904769798E-01  6.9580153153152469E-02  2.5247839858230003E-01
 2.4199825838271238E-01  7.1888834083652631E-01  5.0437815916404216E-01  6.0155745464272981E-01  5.0161742026501721E-01
 3.4864671674248038E-01  5.8932753076206790E-01  3.7194342593954199E-01  2.2687284340003666E-01  5.7277220604517698E-01
 7.5242295874705623E-01  1.3663493853534570E-01  8.4792731672753385E-01  4.8750200782209252E-01  4.7205026728155464E-01
 3.2232658797781755E-01  8.1416871047340100E-01  7.9766177569809027E-01  8.4690684970040242E-01  2.2935344374265365E-02
