 1.0991363836795816E+01  9.7079312764437944E+00  6.1963589935996355E+00
 6.4464612027504655E+00  5.0619355425066335E+00  4.1195146554323250E+00
 1.1475048092862547E+01  9.7671668029539749E+00  4.2039258140729769E+00
 1.1619864052379141E+01  9.9732452162492446E+00  6.7096128372263300E+00
 7.8709392770315176E+00  8.0798666902358054E+00  7.1814746902422764E+00
 1.4770520397286774E+01  1.3308914029905418E+01  5.3956978641895512E+00
 1.0320364670580899E+01  7.7461709541930404E+00  3.7296750987160490E+00
 5.3779387990719396E+00  4.2566306045211597E+00  3.2293943159848046E+00
 1.0583847366445971E+01  8.2449557612161168E+00  3.3688967784280295E+00
 1.0579339759357737E+01  1.0472406770119868E+01  4.1337948350550846E+00
 1.0497280112789380E+01  1.0701405663212068E+01  5.4029880427115220E+00
 9.8651079674940512E+00  8.6493074658655225E+00  4.6100424206030333E+00
 1.0976148035455074E+01  1.0837050562726642E+01  5.5758116203723853E+00
 1.3364539324283907E+01  1.2422753957463502E+01  6.8627470650353377E+00
 1.3318888444581097E+01  1.4277515271090049E+01  8.5715576294490177E+00
 8.9711022276293679E+00  5.5017803397522345E+00  2.2940398242764317E+00
 1.0428223855033993E+01  1.0548398476578642E+01  5.1116914807007197E+00
 1.0136931236065776E+01  8.2512470655597276E+00  3.2293510966879264E+00
 8.8095740582269411E+00  6.6417864310969570E+00  4.7851088366914309E+00
 8.3800092455544846E+00  1.0987919048482867E+01  7.0447718334453882E+00
